1421 1439 1507.9897170509078
1422 1439 1040.9432065866606
1422 1418 449.03666378118317
1424 1439 773.1262390124238
1424 2052 1343.1611215935266
2016 1439 718.0842022365525
2016 2937 895.4190052256062
2016 2660 954.628750495725
2657 1410 1175.219691664012
2657 1439 1010.8158848492002
1387 2937 1685.3921123894136
1410 2657 1175.219691664012
1439 1421 1507.9897170509078
1439 1422 1040.9432065866606
1439 1424 773.1262390124238
1439 2016 718.0842022365525
1439 2657 1010.8158848492002
1439 1408 1220.7842913154616
1439 1429 725.9664505824327
1408 1439 1220.7842913154616
1408 2937 1377.4065394325405
1408 2660 1468.7268494025807
1418 1422 449.03666378118317
2937 2016 895.4190052256062
2937 1387 1685.3921123894136
2937 1408 1377.4065394325405
2937 1429 556.5465344354113
1426 1429 1015.838411483803
1426 2660 1562.05065063622
2212 1429 1328.2575789291939
2052 1424 1343.1611215935266
2052 1429 1374.93206191187
1429 1439 725.9664505824327
1429 2937 556.5465344354113
1429 1426 1015.838411483803
1429 2212 1328.2575789291939
1429 2052 1374.93206191187
2660 2016 954.628750495725
2660 1408 1468.7268494025807
2660 1426 1562.05065063622
1398 1399 488.99128282826507
1398 2052 1203.4132357782005
1424 2052 1343.1611215935266
1397 1399 610.5974066164881
1399 1398 488.99128282826507
1399 1397 610.5974066164881
1399 3136 884.193983534944
1399 2052 1463.4864291830925
1399 2923 518.0789312889356
1399 3140 1136.8513102257477
1399 1388 1865.2198440783736
1389 2052 1973.8683226202766
3136 1399 884.193983534944
2052 1398 1203.4132357782005
2052 1424 1343.1611215935266
2052 1399 1463.4864291830925
2923 1399 518.0789312889356
3140 1399 1136.8513102257477
1388 1399 1865.2198440783736
1314 1317 340.1182506107146
1327 1317 586.3529718955474
1327 1325 311.12174524111833
2607 1317 257.05586164000005
1320 1312 526.9028680282281
1320 1323 454.0422619671036
1317 1314 340.1182506107146
1317 1327 586.3529718955474
1317 2607 257.05586164000005
1317 1312 489.7787950070723
1317 1323 615.1855113027078
1312 1320 526.9028680282281
1312 1317 489.7787950070723
1312 1323 286.6392703542018
1325 1327 311.12174524111833
1323 1320 454.0422619671036
1323 1317 615.1855113027078
1323 1312 286.6392703542018
160 155 653.9053742256127
160 154 828.0443882797484
156 154 760.856467122397
474 160 917.8729664897077
474 500 1060.5990300775861
474 154 700.1631845267459
155 160 653.9053742256127
155 154 334.3630061827095
153 182 126.81091191382059
153 154 789.2142465651751
500 474 1060.5990300775861
500 154 1749.0621128582136
182 154 748.7995364733164
174 154 420.05891810943774
154 160 828.0443882797484
154 156 760.856467122397
154 474 700.1631845267459
154 155 334.3630061827095
154 153 789.2142465651751
154 500 1749.0621128582136
154 182 748.7995364733164
154 174 420.05891810943774
1264 1253 991.1454876883616
1264 1257 710.3236315521495
1270 1253 741.0604121935487
1253 1264 991.1454876883616
1253 1270 741.0604121935487
1253 2596 1091.898433131416
1253 1257 281.32730349922656
1250 1257 156.98190815275288
2596 1253 1091.898433131416
1257 1264 710.3236315521495
1257 1253 281.32730349922656
1257 1250 156.98190815275288
680 758 1065.791982393185
593 758 772.8203478021253
245 758 924.9964562954151
755 479 2771.225769184044
557 758 2508.634079572567
479 758 3001.708318723062
2125 758 3337.4650295005476
481 755 2832.8268694466683
758 680 1065.791982393185
758 593 772.8203478021253
758 245 924.9964562954151
758 557 2508.634079572567
758 479 3001.708318723062
758 2125 3337.4650295005476
364 357 119.18543859686574
368 355 846.0729423388616
368 352 445.5972482825339
368 344 307.0364286823813
368 356 378.59464800079957
368 2365 260.08133555472034
368 357 547.2645364308034
368 229 122.59203477918369
368 359 422.4518258503508
368 231 293.17364523211523
368 331 437.7234580615033
368 373 222.94886940701113
368 363 552.0139877372807
368 353 356.2728900066151
355 368 846.0729423388616
355 356 477.1645828581114
352 368 445.5972482825339
352 344 140.68528188735297
352 353 119.50249661624466
2368 363 159.48406332854384
344 368 307.0364286823813
344 352 140.68528188735297
224 231 261.10162492809246
356 368 378.59464800079957
356 355 477.1645828581114
2365 368 260.08133555472034
357 364 119.18543859686574
357 368 547.2645364308034
229 368 122.59203477918369
229 235 137.76881965045553
359 368 422.4518258503508
315 353 420.3664131905792
231 368 293.17364523211523
231 224 261.10162492809246
235 229 137.76881965045553
331 368 437.7234580615033
373 368 222.94886940701113
363 368 552.0139877372807
363 2368 159.48406332854384
353 368 356.2728900066151
353 315 420.3664131905792
1735 2995 91.79824588813689
2995 2994 28.48293507638258
2583 1115 665.5579286693588
2128 1115 783.5368108148851
1116 1115 883.9096953566841
1117 1115 779.5135464030286
2587 1115 449.99316507555653
1124 1115 623.9784729520281
3094 1115 6938.316898321226
1119 1115 1035.7075585097712
1127 1115 345.81306894996777
2131 1115 329.3862470035984
1115 2583 665.5579286693588
1115 2128 783.5368108148851
1115 1116 883.9096953566841
1115 1117 779.5135464030286
1115 2587 449.99316507555653
1115 1124 623.9784729520281
1115 3094 6938.316898321226
1115 1119 1035.7075585097712
1115 1127 345.81306894996777
1115 2131 329.3862470035984
1115 1125 303.2776796843672
1115 2132 764.917087903517
1115 1128 581.8618031225151
1115 2589 372.81119724055077
1115 2581 715.5795837680383
1115 2584 355.1826671124392
1115 1120 846.8036685425934
1125 1115 303.2776796843672
2132 1115 764.917087903517
1128 1115 581.8618031225151
2589 1115 372.81119724055077
2581 1115 715.5795837680383
2584 1115 355.1826671124392
1120 1115 846.8036685425934
3047 2135 339.08066626437164
3044 1169 524.2079523343273
3044 1223 732.5719345342166
1169 3044 524.2079523343273
1169 3039 938.3041267040417
1169 1218 583.2105490274995
1171 1190 734.505319262191
1180 1189 745.4541018317104
1180 3039 420.79984158251864
1173 3048 193.7041088279809
3048 1173 193.7041088279809
3048 1190 878.3768118432438
1188 1218 502.8185364070415
1190 1171 734.505319262191
1190 3048 878.3768118432438
1190 1218 287.8602382907168
1190 1233 434.8505465994718
1190 1232 535.8153069499225
1190 2594 1117.0970825060228
1189 1180 745.4541018317104
1189 2135 707.6836837922458
1189 1218 521.2785075561047
1189 1232 270.6362671438687
3039 1169 938.3041267040417
3039 1180 420.79984158251864
1168 1218 423.70708239640095
2135 3047 339.08066626437164
2135 1189 707.6836837922458
1218 1169 583.2105490274995
1218 1188 502.8185364070415
1218 1190 287.8602382907168
1218 1189 521.2785075561047
1218 1168 423.70708239640095
1218 1222 173.13869031330609
1218 1232 253.77132710582495
1222 1218 173.13869031330609
1223 3044 732.5719345342166
1223 2594 349.4928347651249
1233 1190 434.8505465994718
1233 1232 101.26642128278206
1232 1190 535.8153069499225
1232 1189 270.6362671438687
1232 1218 253.77132710582495
1232 1233 101.26642128278206
2594 1190 1117.0970825060228
2594 1223 349.4928347651249
2418 1885 300.3160509037395
2418 1806 234.9806515967288
2025 1885 251.4786620003352
2025 1806 177.12702441117744
1761 1806 324.66369736755473
1885 2418 300.3160509037395
1885 2025 251.4786620003352
1806 2418 234.9806515967288
1806 2025 177.12702441117744
1806 1761 324.66369736755473
1875 2987 26.45814490310915
2987 1875 26.45814490310915
156 500 2148.3173523081914
156 170 400.7823989771632
156 486 1131.0642437413183
570 475 3592.551661801809
475 570 3592.551661801809
475 500 179.56561834398352
475 484 644.5281830563736
2111 2383 340.00636097706223
500 156 2148.3173523081914
500 475 179.56561834398352
500 404 3210.8505770993024
500 484 823.3087964345556
500 170 2447.0895009011397
500 2383 372.3490181942959
404 500 3210.8505770993024
404 170 764.058330531176
484 475 644.5281830563736
484 500 823.3087964345556
484 253 4864.791904903362
484 486 408.9502721181894
253 484 4864.791904903362
170 156 400.7823989771632
170 500 2447.0895009011397
170 404 764.058330531176
170 486 1514.218806963897
2383 2111 340.00636097706223
2383 500 372.3490181942959
486 156 1131.0642437413183
486 484 408.9502721181894
486 170 1514.218806963897
2302 2301 178.5513024373302
2302 2860 97.84412228602008
2308 95 157.94225258974416
39 2293 184.44402883468732
39 2860 715.9479679915108
39 89 950.8509099635999
2293 39 184.44402883468732
2293 2312 355.73751757551787
2293 2319 167.72890610549732
2293 2310 159.93734444591325
2293 89 1127.8032072622966
2293 92 790.7060597578978
2301 2302 178.5513024373302
2301 2324 120.11780926687787
2283 2304 84.4400911540054
2283 2296 115.47387618420788
2283 95 233.24869993047525
53 65 947.8826754887161
53 95 379.8000599916475
53 99 209.66303215700304
53 130 511.1815266254697
2312 2860 181.54382059056695
2312 2310 234.94880616160202
2312 95 567.1599919803542
2304 2283 84.4400911540054
2304 2861 72.98726850495923
2304 95 150.0239712525066
2860 2302 97.84412228602008
2860 39 715.9479679915108
2860 2312 181.54382059056695
2860 95 552.2723741516127
65 53 947.8826754887161
65 89 233.33887013835442
2296 2283 115.47387618420788
2296 3030 137.7686924701782
2319 2293 167.72890610549732
2319 2310 167.85336794091992
2861 2304 72.98726850495923
2861 95 109.79147129149997
2310 2293 159.93734444591325
2310 2312 234.94880616160202
2310 2319 167.85336794091992
89 39 950.8509099635999
89 2293 1127.8032072622966
89 65 233.33887013835442
89 92 493.30637817599677
92 2293 790.7060597578978
92 89 493.30637817599677
95 2308 157.94225258974416
95 2293 651.6376544740951
95 2283 233.24869993047525
95 53 379.8000599916475
95 2312 567.1599919803542
95 2304 150.0239712525066
95 2860 552.2723741516127
95 2861 109.79147129149997
3030 2296 137.7686924701782
3030 2324 207.2953869686918
99 53 209.66303215700304
99 130 303.09759507905744
2324 2301 120.11780926687787
2324 3030 207.2953869686918
130 53 511.1815266254697
130 99 303.09759507905744
2083 1017 1988.305193898086
2083 977 1199.6587700912983
2083 2392 1080.540279670377
2392 2040 1002.5888513308939
2040 2392 1002.5888513308939
1919 1607 1409.8825660406887
1991 1607 3338.3943073494606
2084 1607 2173.039882373619
1662 1607 3638.0408447577947
1485 1607 2555.4502547594475
1534 1607 977.5152236396583
1986 1115 2629.046532272854
1986 1056 1703.0469615143552
1602 1607 297.2664255715799
1115 1986 2629.046532272854
1115 1607 2371.8059016683355
1605 1607 600.8798172024433
1633 1607 3895.0679086426035
1465 1607 1131.5353395954521
1466 1607 1333.9999952459725
1557 1607 1924.2179934338421
1545 1607 1087.5856085819378
1607 1919 1409.8825660406887
1607 1991 3338.3943073494606
1607 2084 2173.039882373619
1607 1662 3638.0408447577947
1607 1485 2555.4502547594475
1607 1534 977.5152236396583
1607 1602 297.2664255715799
1607 1115 2371.8059016683355
1607 1605 600.8798172024433
1607 1633 3895.0679086426035
1607 1465 1131.5353395954521
1607 1466 1333.9999952459725
1607 1557 1924.2179934338421
1607 1545 1087.5856085819378
1607 2171 2802.9388658146954
1607 1056 3213.1569217849046
2171 1607 2802.9388658146954
1056 1986 1703.0469615143552
1056 1607 3213.1569217849046
759 707 527.7772649930715
189 758 556.9156006880777
195 211 448.8031815850831
707 759 527.7772649930715
707 211 548.7681718993626
707 196 633.259608149735
707 758 539.4346324691213
211 195 448.8031815850831
211 707 548.7681718993626
211 193 663.7515463869007
211 690 752.5566926494183
211 201 606.9214899184734
211 565 601.3274924221263
1981 708 852.313813052739
724 758 524.3002779155679
193 211 663.7515463869007
196 707 633.259608149735
708 1981 852.313813052739
690 211 752.5566926494183
727 758 336.7817568463518
201 211 606.9214899184734
565 211 601.3274924221263
758 189 556.9156006880777
758 707 539.4346324691213
758 724 524.3002779155679
758 727 336.7817568463518
1809 2933 593.3042825021071
1809 1856 127.42664727104979
1809 2191 429.19739756288214
1809 2444 318.03178088470537
1809 2447 519.977913829916
1809 2460 407.3703326661586
888 1736 98.10204653703371
890 1736 354.222286182499
890 1835 366.6715003822884
1912 1736 233.23539163473654
1912 1867 219.35806498109162
1912 1790 386.6401756429733
1736 888 98.10204653703371
1736 890 354.222286182499
1736 1912 233.23539163473654
1736 893 155.1362661622198
1736 889 513.8154978129702
1736 891 393.4409435545438
1736 1915 285.14839961344177
1736 885 310.34058523287587
1736 887 285.3971552305283
1736 1790 316.62160198895697
893 1736 155.1362661622198
889 1736 513.8154978129702
889 891 196.20146486946257
891 1736 393.4409435545438
2638 2460 222.72300665237262
1713 1915 168.27132681686103
1713 1790 191.7389096309773
1827 885 630.7534093754361
1827 1790 291.0019137250941
2933 1809 593.3042825021071
1856 1809 127.42664727104979
1856 1915 523.2170094689028
1915 1736 285.14839961344177
1915 1713 168.27132681686103
1915 1856 523.2170094689028
1915 885 468.56126798837676
1915 1749 613.4525387424505
1915 1867 214.37157341654105
1915 1819 366.9281103556684
2191 1809 429.19739756288214
885 1736 310.34058523287587
885 1827 630.7534093754361
885 1915 468.56126798837676
885 1835 300.61860661836346
2444 1809 318.03178088470537
1835 890 366.6715003822884
1835 885 300.61860661836346
1835 1790 280.5244857243341
2447 1809 519.977913829916
1749 1915 613.4525387424505
1749 1790 530.345275832286
1867 1912 219.35806498109162
1867 1915 214.37157341654105
887 1736 285.3971552305283
1819 1915 366.9281103556684
1819 1790 321.30005622509174
1790 1912 386.6401756429733
1790 1736 316.62160198895697
1790 1713 191.7389096309773
1790 1827 291.0019137250941
1790 1835 280.5244857243341
1790 1749 530.345275832286
1790 1819 321.30005622509174
2460 1809 407.3703326661586
2460 2638 222.72300665237262
282 2387 2021.547276446376
282 497 2026.6740415860597
570 492 1226.7122209565923
570 2387 830.7076614053
570 497 931.2328860753933
692 492 2011.341603719532
699 492 2044.6162211817143
184 492 2181.9681842223135
184 2387 1868.6703459420303
184 497 1880.9324474136317
194 2387 1945.1697468912787
492 570 1226.7122209565923
492 692 2011.341603719532
492 699 2044.6162211817143
492 184 2181.9681842223135
492 697 1805.194073627523
492 253 2064.6903895587234
492 614 1747.2322682699426
492 621 1513.7731135367158
492 2180 3356.7798012823787
492 597 1379.2852858254491
492 700 2169.9713011373256
697 492 1805.194073627523
489 621 1321.6392669015304
253 492 2064.6903895587234
253 497 1773.5609828772754
614 492 1747.2322682699426
621 492 1513.7731135367158
621 489 1321.6392669015304
621 2387 1127.1943134280496
2387 282 2021.547276446376
2387 570 830.7076614053
2387 184 1868.6703459420303
2387 194 1945.1697468912787
2387 621 1127.1943134280496
2387 1990 719.462841592707
1990 2387 719.462841592707
2180 492 3356.7798012823787
597 492 1379.2852858254491
497 282 2026.6740415860597
497 570 931.2328860753933
497 184 1880.9324474136317
497 253 1773.5609828772754
700 492 2169.9713011373256
1367 1335 81.08668031706281
1367 1337 284.79242412991056
1368 1369 75.51181325026845
1369 1367 119.87975668001027
1335 1367 81.08668031706281
1337 1367 284.79242412991056
1422 2016 1236.8712080736836
1422 1408 1905.3616394946173
1432 2016 2619.7962756506836
2016 1422 1236.8712080736836
2016 1432 2619.7962756506836
2016 2657 537.5573914939051
2016 2651 2988.3193799688875
2016 2655 2779.318270415792
2016 2652 2927.8923030348706
2016 2843 2628.580293204654
2016 1433 2765.0367923838853
2016 786 2004.077214618386
2657 2016 537.5573914939051
2651 2016 2988.3193799688875
2655 2016 2779.318270415792
1408 1422 1905.3616394946173
2652 2016 2927.8923030348706
2843 2016 2628.580293204654
1433 2016 2765.0367923838853
786 2016 2004.077214618386
1351 1356 100.36857754240461
1311 1354 1437.0766468687639
1369 794 694.7425412608687
1353 1356 83.27112146137115
1353 1371 336.6814644459152
1354 1311 1437.0766468687639
1354 1356 193.75853577262433
1354 794 1017.7446131331565
1354 1365 63.16424801241728
1356 1351 100.36857754240461
1356 1353 83.27112146137115
1356 1354 193.75853577262433
1356 2840 228.9087800758025
1356 794 897.3064479817151
1356 1355 259.24966297691805
1356 1371 258.406392170091
2840 1356 228.9087800758025
794 1356 897.3064479817151
794 1371 695.1031653802024
1355 1356 259.24966297691805
1365 1354 63.16424801241728
1371 1353 336.6814644459152
1371 1356 258.406392170091
1371 794 695.1031653802024
2774 1655 1431.442745790057
1646 1669 964.6230488194418
1646 1671 1222.0663093450803
1646 1039 3521.3817490735837
1651 2222 1463.984800130719
1651 1669 862.6439639301883
1651 1671 1026.2781530028733
1651 1662 781.5231587284828
1651 1676 1621.0464673610022
1651 1658 1482.1330470432476
1651 1675 2489.958515423581
2222 1651 1463.984800130719
2222 1664 1485.3939840152977
2222 2073 1068.8339935041456
2222 1644 880.519604774432
1669 1646 964.6230488194418
1669 1651 862.6439639301883
1669 1647 663.1644468112898
1669 1671 276.55396669126117
1669 2074 1279.5835286337947
1669 1678 1708.1346566066202
1669 2776 375.1453125310986
1669 2084 1150.2038025735799
1669 1662 1331.4686872848815
1669 1534 2545.0771734736377
1669 2055 973.747894417172
1669 1660 904.261317434852
1669 1658 629.639957073731
1669 1654 804.6303679222667
1669 2018 712.398539472928
1669 2065 1524.701892174182
1669 1663 1432.2297197794935
1669 1664 1190.9286756207773
1669 1649 802.5070533928244
1669 1642 1463.168442817752
1669 1679 1464.0198600045414
1669 2171 1195.3952998201676
1669 1639 8461.501184437444
1669 2017 1295.3428199388577
1669 1650 1061.8870304152663
1669 2073 1262.2060079845714
1669 1055 1560.587078627193
1669 1644 1431.9854325679084
1669 1645 1048.4824374603547
1669 1675 2313.9058146375196
1669 1652 737.5158864495814
1669 2809 1335.7281901301415
1669 1655 560.7937298323985
1669 2787 868.2408580094334
1669 2784 475.2626882103494
1669 2780 1013.3610145253057
1647 1669 663.1644468112898
1647 1671 937.9920548695206
1647 1661 686.0820606597496
1647 1658 1079.7191788527375
1647 2099 1759.4184820212838
1647 2811 750.8493145118608
1647 1659 634.7310260031601
1671 1646 1222.0663093450803
1671 1651 1026.2781530028733
1671 1669 276.55396669126117
1671 1647 937.9920548695206
1671 2838 1125.686352870376
1671 2084 1348.4980219924867
1671 3121 1174.4331113556802
1671 2768 1342.9389568862205
1671 1665 1278.8194461273688
1671 1662 1583.3458158793437
1671 1485 1350.714521220159
1671 1534 2555.2487976583598
1671 1943 2207.765296722387
1671 2055 896.8719730857865
1671 1657 1004.9087903668471
1671 2170 253.48285370994418
1671 1660 1171.4034385500308
1671 1658 615.1123385548793
1671 2799 1184.4428397538766
1671 1670 527.638610625094
1671 1654 659.1654275589822
1671 2018 563.5162550415648
1671 2796 868.5702044742284
1671 2065 1265.742996525909
1671 2821 938.3451207962605
1671 1626 8671.064596685594
1671 1664 1426.7706896405211
1671 1649 977.9752703218732
1671 1642 1556.3499321781446
1671 1679 1707.2880634574183
1671 2099 2136.5982663837312
1671 2770 1304.5725966210446
1671 2017 1467.664051260342
1671 1650 1317.4735118629928
1671 1666 1650.0943063875889
1671 2073 1411.3828638154364
1671 1055 1836.2015986795313
1671 1644 1546.3803867120319
1671 1645 1127.2247809459025
1671 1675 2071.8550810621464
1671 2811 1667.969561346461
1671 1652 983.1343714585933
1671 2809 1575.2930179648606
1671 2822 430.4940706490922
1671 1672 334.23522989392694
1671 1655 622.6494224622083
1671 1659 1550.1772527280532
1671 2787 683.0635702575323
1671 2102 1337.042221332577
1671 2784 722.5281835933664
1671 3133 1511.9608849630251
2074 1669 1279.5835286337947
2074 1676 1620.4811055717512
2074 1659 833.2718964296124
2074 2778 1268.4048477175695
2767 1645 267.2855618052516
1678 1669 1708.1346566066202
1678 1662 974.4032138735745
1678 1676 834.9921589901077
1678 2073 446.3379133625838
1678 2102 650.8301568403525
2175 1654 869.5592812310591
2838 1671 1125.686352870376
2838 2099 1176.6621190559486
2776 1669 375.1453125310986
2776 1664 859.8333238703771
1661 1647 686.0820606597496
1661 1655 1410.5004108976661
3147 2065 1264.1615830513692
3147 1655 561.3915037509287
2084 1669 1150.2038025735799
2084 1671 1348.4980219924867
2084 1662 1519.2672963184502
2084 1663 1559.1900724372106
2084 2778 380.26298945345866
3121 1671 1174.4331113556802
2768 1671 1342.9389568862205
1665 1671 1278.8194461273688
1662 1651 781.5231587284828
1662 1669 1331.4686872848815
1662 1671 1583.3458158793437
1662 1678 974.4032138735745
1662 2084 1519.2672963184502
1662 1670 1396.2965055823727
1662 1644 1026.3460319993505
1662 1645 1101.5886281179316
1485 1671 1350.714521220159
1485 2784 945.4391412762943
1485 2780 387.34467953948223
1534 1669 2545.0771734736377
1534 1671 2555.2487976583598
1676 1651 1621.0464673610022
1676 2074 1620.4811055717512
1676 1678 834.9921589901077
1676 2055 1846.9316579540357
1676 1663 1802.5290832529583
1676 1664 1667.8482857560105
1676 2770 1255.7927589076482
1676 2073 1231.7140023139784
1676 1644 1027.849904131407
1676 2811 2022.493226718865
1676 1652 1950.9983035738112
1676 1655 1934.1858025693996
1676 2102 1481.9759375973192
1943 1671 2207.765296722387
2055 1669 973.747894417172
2055 1671 896.8719730857865
2055 1676 1846.9316579540357
2055 1648 1518.9609468798437
2837 1654 592.6424525583087
1657 1671 1004.9087903668471
1657 1658 411.1681743192132
2806 1670 1198.7577967407046
2806 1652 791.4566775049695
2170 1671 253.48285370994418
1673 1675 1067.9213770572944
1660 1669 904.261317434852
1660 1671 1171.4034385500308
1660 1658 1352.5028082142132
1660 1663 550.4967075345692
1658 1651 1482.1330470432476
1658 1669 629.639957073731
1658 1647 1079.7191788527375
1658 1671 615.1123385548793
1658 1657 411.1681743192132
1658 1660 1352.5028082142132
1658 1670 419.5529967142565
1658 2796 451.5135769965626
1658 1663 1902.6556121005372
1658 1664 1723.2726411197352
1658 1666 2074.1392579733238
1658 2073 1882.804149832381
1658 1056 1845.0067168229384
1658 2822 831.7543074303584
1658 1655 1178.438047691241
1658 1659 1536.949152095186
1658 2102 1727.2145986402652
2799 1671 1184.4428397538766
2799 1659 367.37081215874724
1670 1671 527.638610625094
1670 1662 1396.2965055823727
1670 2806 1198.7577967407046
1670 1658 419.5529967142565
1670 1654 1146.511208439717
1670 2017 950.6813389077927
1670 2811 1399.349313851011
1670 2102 1327.1745929425103
1648 2055 1518.9609468798437
1648 2770 1513.5775484151557
1648 2017 768.4431057561067
1654 1669 804.6303679222667
1654 1671 659.1654275589822
1654 2175 869.5592812310591
1654 2837 592.6424525583087
1654 1670 1146.511208439717
1654 1644 1241.400958586553
2018 1669 712.398539472928
2018 1671 563.5162550415648
2018 2819 684.3638332431357
2796 1671 868.5702044742284
2796 1658 451.5135769965626
2065 1669 1524.701892174182
2065 1671 1265.742996525909
2065 3147 1264.1615830513692
2065 1655 1779.0661297835163
2065 2787 1312.571356113106
2805 1655 886.696638605067
2821 1671 938.3451207962605
1626 1671 8671.064596685594
2819 2018 684.3638332431357
2819 1664 1339.8261912210714
2819 2017 1528.1107894077825
2819 2787 618.0650310861961
1663 1669 1432.2297197794935
1663 2084 1559.1900724372106
1663 1676 1802.5290832529583
1663 1660 550.4967075345692
1663 1658 1902.6556121005372
1663 2099 1323.3018737626553
1663 2017 1766.9166888497844
1664 2222 1485.3939840152977
1664 1669 1190.9286756207773
1664 1671 1426.7706896405211
1664 2776 859.8333238703771
1664 1676 1667.8482857560105
1664 1658 1723.2726411197352
1664 2819 1339.8261912210714
1664 2017 1766.0126985962834
1649 1669 802.5070533928244
1649 1671 977.9752703218732
1649 1545 1314.723938867945
1649 1652 1086.3961681133533
1642 1669 1463.168442817752
1642 1671 1556.3499321781446
1642 2822 1266.5883402128843
1642 3093 1030.0273592080734
1679 1669 1464.0198600045414
1679 1671 1707.2880634574183
1679 1039 3013.2056400391316
1545 1649 1314.723938867945
2099 1647 1759.4184820212838
2099 1671 2136.5982663837312
2099 2838 1176.6621190559486
2099 1663 1323.3018737626553
2099 1645 1025.5002445850162
2099 2102 989.4209143156768
2099 97 8024.677886305413
2770 1671 1304.5725966210446
2770 1676 1255.7927589076482
2770 1648 1513.5775484151557
1039 1646 3521.3817490735837
1039 1679 3013.2056400391316
2171 1669 1195.3952998201676
1639 1669 8461.501184437444
2017 1669 1295.3428199388577
2017 1671 1467.664051260342
2017 1670 950.6813389077927
2017 1648 768.4431057561067
2017 2819 1528.1107894077825
2017 1663 1766.9166888497844
2017 1664 1766.0126985962834
2017 2073 2193.599631275144
2017 2811 1581.2201978370863
2017 2075 1263.9611389964148
1650 1669 1061.8870304152663
1650 1671 1317.4735118629928
1650 2822 1050.4168274443014
1666 1671 1650.0943063875889
1666 1658 2074.1392579733238
2073 2222 1068.8339935041456
2073 1669 1262.2060079845714
2073 1671 1411.3828638154364
2073 1678 446.3379133625838
2073 1676 1231.7140023139784
2073 1658 1882.804149832381
2073 2017 2193.599631275144
2073 1655 811.4300814706903
1056 1658 1845.0067168229384
1055 1669 1560.587078627193
1055 1671 1836.2015986795313
1644 2222 880.519604774432
1644 1669 1431.9854325679084
1644 1671 1546.3803867120319
1644 1662 1026.3460319993505
1644 1676 1027.849904131407
1644 1654 1241.400958586553
1645 1669 1048.4824374603547
1645 1671 1127.2247809459025
1645 2767 267.2855618052516
1645 1662 1101.5886281179316
1645 2099 1025.5002445850162
1675 1651 2489.958515423581
1675 1669 2313.9058146375196
1675 1671 2071.8550810621464
1675 1673 1067.9213770572944
1675 1655 2108.2826215565133
2789 1655 440.6358794914032
2811 1647 750.8493145118608
2811 1671 1667.969561346461
2811 1676 2022.493226718865
2811 1670 1399.349313851011
2811 2017 1581.2201978370863
1652 1669 737.5158864495814
1652 1671 983.1343714585933
1652 1676 1950.9983035738112
1652 2806 791.4566775049695
1652 1649 1086.3961681133533
2809 1669 1335.7281901301415
2809 1671 1575.2930179648606
2822 1671 430.4940706490922
2822 1658 831.7543074303584
2822 1642 1266.5883402128843
2822 1650 1050.4168274443014
1672 1671 334.23522989392694
1655 2774 1431.442745790057
1655 1669 560.7937298323985
1655 1671 622.6494224622083
1655 1661 1410.5004108976661
1655 3147 561.3915037509287
1655 1676 1934.1858025693996
1655 1658 1178.438047691241
1655 2065 1779.0661297835163
1655 2805 886.696638605067
1655 2073 811.4300814706903
1655 1675 2108.2826215565133
1655 2789 440.6358794914032
1655 1659 1423.770597904994
1655 2787 650.8981050501991
1655 2075 742.303775328838
1659 1647 634.7310260031601
1659 1671 1550.1772527280532
1659 2074 833.2718964296124
1659 1658 1536.949152095186
1659 2799 367.37081215874724
1659 1655 1423.770597904994
2787 1669 868.2408580094334
2787 1671 683.0635702575323
2787 2065 1312.571356113106
2787 2819 618.0650310861961
2787 1655 650.8981050501991
2787 3093 300.0942496284959
2102 1671 1337.042221332577
2102 1678 650.8301568403525
2102 1676 1481.9759375973192
2102 1658 1727.2145986402652
2102 1670 1327.1745929425103
2102 2099 989.4209143156768
2075 2017 1263.9611389964148
2075 1655 742.303775328838
2784 1669 475.2626882103494
2784 1671 722.5281835933664
2784 1485 945.4391412762943
3133 1671 1511.9608849630251
97 2099 8024.677886305413
2780 1669 1013.3610145253057
2780 1485 387.34467953948223
3093 1642 1030.0273592080734
3093 2787 300.0942496284959
2778 2074 1268.4048477175695
2778 2084 380.26298945345866
1914 1715 380.1701148156279
1715 1914 380.1701148156279
523 718 392.72355986071193
718 523 392.72355986071193
2562 3023 63.69191824815074
3023 2562 63.69191824815074
1689 2562 19.94467405181607
3124 1437 1865.7374818761218
2653 1437 2172.292707205321
2212 2076 1150.1817304506346
2212 1441 1700.5473866035845
2212 1437 2378.0026829599706
2647 2644 647.7381349309308
2647 1437 2193.32263150258
2644 2647 647.7381349309308
2644 1429 535.1587717876955
2644 1437 1650.589096261826
1429 2644 535.1587717876955
2076 2212 1150.1817304506346
2215 1437 1282.6121030840743
1441 2212 1700.5473866035845
1437 3124 1865.7374818761218
1437 2653 2172.292707205321
1437 2212 2378.0026829599706
1437 2647 2193.32263150258
1437 2644 1650.589096261826
1437 2215 1282.6121030840743
1919 1484 1565.7553825556622
2670 1484 115.86021558330009
1471 1479 349.41277643610096
1471 1484 239.1458810252622
1479 1471 349.41277643610096
1479 1484 228.46398120520206
1479 1021 3434.8937199967845
1478 1484 309.8756940274457
1484 1919 1565.7553825556622
1484 2670 115.86021558330009
1484 1471 239.1458810252622
1484 1479 228.46398120520206
1484 1478 309.8756940274457
1484 1017 3542.9029480245836
1484 977 5239.439883830795
1484 1480 145.93010666439864
1484 1509 661.4398315134588
1484 1602 2632.7796597397005
1484 1021 3267.66085002419
1484 1482 260.18587595589116
1484 1483 193.873831646292
1017 1484 3542.9029480245836
977 1484 5239.439883830795
1480 1484 145.93010666439864
1509 1484 661.4398315134588
1602 1484 2632.7796597397005
1021 1479 3434.8937199967845
1021 1484 3267.66085002419
1481 1484 192.62703944825702
1482 1484 260.18587595589116
1482 1481 149.383903197736
1483 1484 193.873831646292
2295 78 385.01457906711386
78 2295 385.01457906711386
1800 1983 8506.586951206014
1983 1800 8506.586951206014
1983 1870 8500.317670767503
1983 1753 7090.306504358512
1983 792 5999.487100402287
1870 1983 8500.317670767503
1753 1983 7090.306504358512
1753 792 1466.1170623595979
792 1983 5999.487100402287
792 1753 1466.1170623595979
31 111 1532.9931814151412
55 97 287.99151420807124
55 111 1548.933859846369
60 126 3107.120322665328
97 55 287.99151420807124
97 111 1485.8514407295472
111 55 1548.933859846369
111 97 1485.8514407295472
111 113 1682.2082793280715
111 126 1107.7495183869205
113 31 246.1723959787638
126 60 3107.120322665328
126 111 1107.7495183869205
804 832 305.1938732995436
804 851 286.2498870807874
805 832 421.4644106852637
1264 832 3157.5497588357875
810 832 1408.0133851687344
812 832 1539.4084367179594
807 832 770.4156220576367
811 832 899.9995089702657
809 832 1136.090547390687
808 832 1048.3072272710383
853 832 1286.1669519142656
853 833 1449.6529525878589
853 851 1339.172070536421
813 832 1242.1837655810225
815 832 1276.6305598056056
818 832 459.61361552024863
818 833 668.1709203722669
818 1777 1111.0739107637567
818 845 723.7087516644018
818 1909 2046.873810529584
818 849 1900.775915249005
796 832 1056.1658145213419
879 832 1772.9756228596764
819 832 1617.7090782036569
806 832 503.04468575397755
1870 832 3363.7227430824155
825 832 1275.0065496651991
1914 833 1832.3025806679773
1914 851 2402.4023534801463
832 804 305.1938732995436
832 805 421.4644106852637
832 1264 3157.5497588357875
832 810 1408.0133851687344
832 812 1539.4084367179594
832 807 770.4156220576367
832 811 899.9995089702657
832 809 1136.090547390687
832 808 1048.3072272710383
832 853 1286.1669519142656
832 813 1242.1837655810225
832 815 1276.6305598056056
832 818 459.61361552024863
832 796 1056.1658145213419
832 879 1772.9756228596764
832 819 1617.7090782036569
832 806 503.04468575397755
832 1870 3363.7227430824155
832 825 1275.0065496651991
832 1753 2052.63629784778
832 828 997.7801097683384
832 831 495.97947603110566
832 833 710.3334073974257
832 834 852.5985830675845
832 836 366.41198448946176
832 841 661.1231514212485
832 844 732.9889733218872
832 1777 1120.1187171028873
832 845 1178.6212723079143
832 868 1909.3850588236915
832 1909 2441.056439434965
832 850 340.6207019376152
832 848 715.1354112790976
832 849 2300.0836384564846
832 847 812.4759328969429
832 855 304.90924008638933
832 854 678.5860803769573
832 856 536.3767996068659
832 857 323.820840597225
832 858 577.5937271386008
1753 832 2052.63629784778
828 832 997.7801097683384
831 832 495.97947603110566
833 853 1449.6529525878589
833 818 668.1709203722669
833 1914 1832.3025806679773
833 832 710.3334073974257
833 1777 446.3670494393001
833 851 715.4759356177723
834 832 852.5985830675845
836 832 366.41198448946176
841 832 661.1231514212485
841 851 613.4417304380291
844 832 732.9889733218872
1777 818 1111.0739107637567
1777 832 1120.1187171028873
1777 833 446.3670494393001
1777 851 1134.8757272360756
845 818 723.7087516644018
845 832 1178.6212723079143
845 851 1135.1305204847192
868 832 1909.3850588236915
1909 818 2046.873810529584
1909 832 2441.056439434965
850 832 340.6207019376152
848 832 715.1354112790976
849 818 1900.775915249005
849 832 2300.0836384564846
851 804 286.2498870807874
851 853 1339.172070536421
851 1914 2402.4023534801463
851 833 715.4759356177723
851 841 613.4417304380291
851 1777 1134.8757272360756
851 845 1135.1305204847192
851 857 277.4110911498955
847 832 812.4759328969429
855 832 304.90924008638933
854 832 678.5860803769573
856 832 536.3767996068659
857 832 323.820840597225
857 851 277.4110911498955
858 832 577.5937271386008
1493 963 1544.9138475563336
1493 964 1001.1707691892233
1017 964 1686.4927188791928
963 1493 1544.9138475563336
963 1034 1006.9958775165741
963 964 643.3508925891107
1034 963 1006.9958775165741
1034 964 373.80844392753727
964 1493 1001.1707691892233
964 1017 1686.4927188791928
964 963 643.3508925891107
964 1034 373.80844392753727
964 966 298.86459332795573
966 964 298.86459332795573
762 758 2168.913228794099
640 524 3217.2440619764025
524 640 3217.2440619764025
524 758 3146.940353489817
785 758 1122.4707724602747
2125 758 3337.4650295005476
781 758 1200.5693358563456
758 762 2168.913228794099
758 524 3146.940353489817
758 785 1122.4707724602747
758 2125 3337.4650295005476
758 781 1200.5693358563456
579 200 1739.771586258184
579 201 2247.359812097001
133 194 1605.7634068275768
282 193 380.45536883338485
2176 195 986.5732178166705
2176 201 994.4483123469189
368 194 1191.025956624314
368 195 1164.7360125889345
368 193 827.2539966454068
1952 194 1954.4414687273731
1952 200 1683.6682540102
762 194 2435.247473217744
570 194 1132.7486006476179
570 195 1167.368932985158
570 202 1368.0306575152513
570 193 1493.0713306506336
570 200 995.1518291719373
680 200 1127.744840813542
783 200 948.9048779626149
308 193 796.2046039444157
240 193 797.0328302956156
240 201 1019.1416190317377
609 194 941.182631098907
609 195 992.8769191909035
609 193 1232.313819267841
609 200 682.4165437223926
609 201 1148.4136603228724
569 195 1148.8692758501463
569 200 1112.5320626268974
699 194 769.2603119871095
699 201 904.3354669116571
203 200 485.7291246021356
678 194 1310.5847904653097
678 195 1363.925710706589
678 200 1027.7254830730024
184 200 420.4011754311456
640 195 415.1438513282094
676 194 960.9334340629777
676 193 950.5420818527394
676 200 760.123503189259
689 194 1299.3736610437368
689 195 1349.677840073716
689 200 1048.8030665236358
628 193 729.1982630102042
657 194 1599.1316456639868
657 189 1367.7446085560225
657 200 1320.7241875700963
194 133 1605.7634068275768
194 368 1191.025956624314
194 1952 1954.4414687273731
194 762 2435.247473217744
194 570 1132.7486006476179
194 609 941.182631098907
194 699 769.2603119871095
194 678 1310.5847904653097
194 676 960.9334340629777
194 689 1299.3736610437368
194 657 1599.1316456639868
194 610 935.7618397745085
194 682 1615.8442320674521
194 559 1252.6406913311
194 189 465.81671763286033
194 288 959.5471481836615
194 271 897.8954798401016
194 731 1951.6007477507187
194 706 1080.7496156642144
194 211 394.8498834646524
194 193 363.79149397269305
194 2339 582.9272727482978
194 650 2252.728921202572
194 575 1407.5004969108222
194 663 2074.242067013113
194 671 2172.708185121466
194 655 2226.6766084680216
194 2184 706.8595363810067
194 659 1742.677654583664
194 198 361.73470170193286
194 255 535.8864522027314
194 739 1852.3023525365988
194 479 3174.2790407277107
194 242 701.3860051298764
194 691 593.8875080717253
194 708 1238.9238729628885
194 619 801.3185611503172
194 2387 1945.1697468912787
194 690 1122.9165782601801
194 1990 1303.5241976766833
194 685 1486.0762655116853
194 716 512.0519081192574
194 709 835.2559474262505
194 561 834.7835562193442
194 493 2477.7526840243668
194 666 2316.359512352478
194 562 836.576946416955
194 374 487.1951563442684
194 2180 2034.1482110867707
194 742 1149.9296885193378
194 674 1679.3326448231649
194 563 1068.2772127082285
194 279 493.95772070955456
194 681 1508.4620729073627
194 727 545.886956285368
194 718 3090.5854898501475
194 176 1576.4422981148432
194 201 464.4552799579427
194 704 710.4558474117185
194 728 747.9155840814271
194 703 668.8869648337081
194 340 968.9438211957457
194 576 1888.5119757430996
194 565 971.770687106609
194 564 872.4113147043666
194 758 391.8970541989472
610 194 935.7618397745085
682 194 1615.8442320674521
682 195 1669.7562479888766
682 202 1718.3495951447994
682 193 1838.5202614944408
682 200 1333.558847533398
682 201 1683.0193582083448
244 195 704.0017804014615
559 194 1252.6406913311
559 195 1304.1564223992846
559 202 1274.4646651083058
559 193 1374.4912876354886
559 200 979.3579561644617
559 201 1172.3953102652868
189 657 1367.7446085560225
189 194 465.81671763286033
189 195 489.3043105161032
189 200 424.6148427622885
209 2339 513.9758634002158
209 196 462.0972357984597
209 1990 1382.5939221179176
209 2180 2035.9735575845832
209 563 1100.5557288589941
288 194 959.5471481836615
288 195 917.905073018315
195 2176 986.5732178166705
195 368 1164.7360125889345
195 570 1167.368932985158
195 609 992.8769191909035
195 569 1148.8692758501463
195 678 1363.925710706589
195 640 415.1438513282094
195 689 1349.677840073716
195 682 1669.7562479888766
195 244 704.0017804014615
195 559 1304.1564223992846
195 189 489.3043105161032
195 288 917.905073018315
195 755 563.8129650200538
195 2339 577.1731107936367
195 650 2304.160575005737
195 575 1442.7586530571227
195 336 870.2442460025417
195 198 381.20697041309586
195 614 631.0766875745063
195 578 1442.1287046277625
195 621 883.0807331979508
195 691 645.7033316866489
195 243 832.5266930495231
195 197 365.5091458143273
195 690 1174.1700177228429
195 1990 1341.5521554960796
195 337 703.8278643092893
195 716 545.4396960370657
195 785 1451.3500917566887
195 674 1728.845750549685
195 563 1120.5603096436573
195 681 1562.3962501053968
195 693 680.1863479175737
195 704 764.1784029378389
195 340 984.3908840205141
195 341 707.0780893374239
195 565 1024.3499908544213
271 194 897.8954798401016
731 194 1951.6007477507187
731 193 2307.9497963182675
731 200 1903.8200238314635
706 194 1080.7496156642144
706 202 1200.726891162146
706 193 1325.9443701452562
706 200 801.3117464763247
706 201 1198.7733656510702
211 194 394.8498834646524
2112 193 555.854235124656
1981 193 627.8456135761207
1981 201 552.8012461635224
191 2339 574.3740540838133
755 195 563.8129650200538
755 193 867.7797947818434
202 570 1368.0306575152513
202 682 1718.3495951447994
202 559 1274.4646651083058
202 706 1200.726891162146
202 650 2262.8156360906005
202 691 762.8188198603815
202 708 1333.4180035778236
202 1990 1530.6922159580104
202 785 1389.2176913205083
202 2180 1964.9695479727247
202 674 1668.434204908316
202 563 1106.909411217783
202 279 649.2058823566698
202 200 420.7869807162083
202 681 1589.2525710903813
202 704 797.6500141218294
202 728 688.6067317385881
193 282 380.45536883338485
193 368 827.2539966454068
193 570 1493.0713306506336
193 308 796.2046039444157
193 240 797.0328302956156
193 609 1232.313819267841
193 676 950.5420818527394
193 628 729.1982630102042
193 194 363.79149397269305
193 682 1838.5202614944408
193 559 1374.4912876354886
193 731 2307.9497963182675
193 706 1325.9443701452562
193 2112 555.854235124656
193 1981 627.8456135761207
193 755 867.7797947818434
193 650 2353.4441255528154
193 2184 836.7698363849389
193 255 747.6646557983752
193 578 1782.2863100945756
193 242 813.4982515089079
193 691 894.3572762925248
193 708 1453.1174795990662
193 619 1127.3432028860207
193 197 465.8438642642743
193 690 1415.8950381807085
193 315 734.002369040047
193 1990 1658.592612148875
193 716 490.5395145896701
193 785 1475.666681221468
193 562 992.4963976036955
193 2180 2022.5671950186534
193 674 1753.6829477345448
193 563 1213.74081117118
193 200 552.2354805327908
193 597 1278.9145497368
193 704 919.5718166091247
193 728 768.5562161703059
193 703 918.1555513347159
193 758 693.3722013022141
2339 194 582.9272727482978
2339 209 513.9758634002158
2339 195 577.1731107936367
2339 191 574.3740540838133
2339 200 671.6109854818969
218 201 1121.3296471210617
650 194 2252.728921202572
650 195 2304.160575005737
650 202 2262.8156360906005
650 193 2353.4441255528154
650 200 1978.3375109494543
650 201 2131.786258403193
575 194 1407.5004969108222
575 195 1442.7586530571227
575 200 1258.9540150955422
575 201 1776.5116340371258
663 194 2074.242067013113
671 194 2172.708185121466
655 194 2226.6766084680216
2184 194 706.8595363810067
2184 193 836.7698363849389
